start result analysis from detection_results.pkl

    Compute the ratio of prediect correct V.S. catgeory error V.S. localization error
    for different category objects' 
    
IoU threshold is 0.5
ClassName       	Detection Number	Correct         	Label miss      	Category error  	Localization error
person          	         34692.0	  0.522310619163	 0.0531534647757	 0.0162285253084	  0.408307390753
bicycle         	          1381.0	  0.235336712527	  0.283852280956	 0.0753077480087	  0.405503258508
car             	          7732.0	  0.310786342473	  0.190118986032	 0.0400931195034	  0.459001551992
motorcycle      	          1359.0	  0.355408388521	  0.206033848418	 0.0544518027962	  0.384105960265
airplane        	           450.0	  0.333333333333	  0.255555555556	0.00666666666667	  0.404444444444
bus             	           765.0	   0.37908496732	   0.36862745098	 0.0549019607843	  0.197385620915
train           	           612.0	  0.316993464052	  0.321895424837	 0.0147058823529	  0.346405228758
truck           	          2076.0	  0.194605009634	  0.434007707129	 0.0953757225434	  0.276011560694
boat            	          2375.0	           0.248	  0.171368421053	 0.0176842105263	  0.562947368421
traffic light   	          2502.0	  0.232214228617	  0.239408473221	  0.017585931255	  0.510791366906
fire hydrant    	           242.0	  0.388429752066	  0.479338842975	0.00826446280992	  0.123966942149
stop sign       	           273.0	  0.230769230769	  0.681318681319	  0.003663003663	 0.0842490842491
parking meter   	           267.0	  0.191011235955	  0.588014981273	             0.0	  0.220973782772
bench           	          3401.0	  0.109967656572	  0.523963540135	 0.0611584827992	  0.304910320494
bird            	          1759.0	  0.430358158044	  0.396247868107	0.00341102899375	  0.169982944855
cat             	           472.0	  0.447033898305	  0.315677966102	 0.0381355932203	  0.199152542373
dog             	           615.0	  0.347967479675	  0.455284552846	 0.0341463414634	  0.162601626016
horse           	           796.0	  0.341708542714	  0.255025125628	 0.0288944723618	  0.374371859296
sheep           	          1390.0	  0.425179856115	  0.156834532374	 0.0251798561151	  0.392805755396
cow             	          1267.0	  0.480662983425	   0.27545382794	0.00947119179163	  0.234411996843
elephant        	           684.0	  0.523391812865	   0.15350877193	 0.0116959064327	  0.311403508772
bear            	           132.0	  0.515151515152	  0.371212121212	0.00757575757576	  0.106060606061
zebra           	           546.0	  0.562271062271	  0.029304029304	 0.0018315018315	  0.406593406593
giraffe         	           452.0	  0.535398230088	 0.0508849557522	0.00884955752212	  0.404867256637
backpack        	          2022.0	  0.146884272997	  0.549950544016	 0.0766567754698	  0.226508407517
umbrella        	          1508.0	   0.34549071618	  0.293103448276	 0.0397877984085	  0.321618037135
handbag         	          2954.0	  0.137440758294	  0.490859851049	 0.0829383886256	  0.288761002031
tie             	           917.0	  0.264994547437	  0.437295528899	 0.0872410032715	  0.210468920393
suitcase        	          1239.0	   0.34382566586	  0.346246973366	 0.0403551251009	  0.269572235674
frisbee         	           271.0	  0.394833948339	  0.509225092251	0.00369003690037	 0.0922509225092
skis            	          1329.0	  0.185854025583	  0.105342362679	 0.0812641083521	  0.627539503386
snowboard       	           362.0	   0.17955801105	  0.524861878453	 0.0662983425414	  0.229281767956
sports ball     	           780.0	  0.362820512821	   0.39358974359	 0.0192307692308	  0.224358974359
kite            	          1136.0	  0.461267605634	  0.203345070423	 0.0484154929577	  0.286971830986
baseball bat    	           431.0	  0.313225058005	  0.338747099768	 0.0556844547564	  0.292343387471
baseball glove  	           452.0	            0.25	  0.314159292035	 0.0862831858407	  0.349557522124
skateboard      	           457.0	  0.374179431072	  0.262582056893	 0.0503282275711	  0.312910284464
surfboard       	           851.0	  0.293772032902	  0.202115158637	 0.0258519388954	  0.478260869565
tennis racket   	           536.0	   0.39552238806	  0.208955223881	  0.044776119403	  0.350746268657
bottle          	          4329.0	  0.303534303534	  0.351813351813	  0.019635019635	  0.325017325017
wine glass      	          1071.0	  0.304388422035	  0.235294117647	  0.101774042951	  0.358543417367
cup             	          3355.0	  0.251266766021	  0.414903129657	 0.0459016393443	  0.287928464978
fork            	           885.0	  0.225988700565	  0.354802259887	 0.0779661016949	  0.341242937853
knife           	          1633.0	  0.172075933864	  0.409675443968	 0.0587875076546	  0.359461114513
spoon           	          1488.0	  0.141129032258	  0.469086021505	 0.0604838709677	  0.329301075269
bowl            	          3041.0	  0.196645840184	   0.41532390661	 0.0601775731667	  0.327852680039
banana          	          2386.0	  0.332355406538	  0.144174350377	 0.0100586756077	  0.513411567477
apple           	          1491.0	  0.205902079142	  0.332662642522	 0.0342052313883	  0.427230046948
sandwich        	           911.0	  0.169045005488	  0.620197585071	 0.0406147091109	  0.170142700329
orange          	          1299.0	  0.224788298691	  0.254041570439	  0.058506543495	  0.462663587375
broccoli        	          2253.0	  0.198845983134	  0.254327563249	 0.0213049267643	  0.525521526853
carrot          	          2620.0	  0.239694656489	  0.251526717557	 0.0232824427481	  0.485496183206
hot dog         	           473.0	  0.323467230444	  0.463002114165	 0.0169133192389	  0.196617336152
pizza           	           945.0	   0.28253968254	  0.286772486772	 0.0169312169312	  0.413756613757
donut           	          1268.0	  0.538643533123	  0.293375394322	 0.0110410094637	  0.156940063091
cake            	          1499.0	  0.311541027352	  0.452968645764	 0.0166777851901	  0.218812541694
chair           	          8843.0	   0.22073956802	  0.329978514079	 0.0936333823363	  0.355648535565
couch           	          1447.0	  0.196268140981	  0.458880442294	 0.0691085003455	  0.275742916379
potted plant    	          1920.0	  0.166666666667	  0.544791666667	 0.0119791666667	       0.2765625
bed             	          1020.0	  0.178431372549	  0.495098039216	 0.0450980392157	   0.28137254902
dining table    	          5291.0	  0.137025137025	  0.406539406539	  0.044604044604	  0.411831411831
toilet          	           462.0	  0.387445887446	  0.233766233766	  0.030303030303	  0.348484848485
tv              	          1032.0	  0.266472868217	  0.460271317829	 0.0377906976744	  0.235465116279
laptop          	           663.0	  0.336349924585	  0.313725490196	 0.0769230769231	  0.273001508296
mouse           	           351.0	  0.287749287749	  0.321937321937	0.00569800569801	  0.384615384615
remote          	          1265.0	             0.2	  0.424505928854	 0.0126482213439	  0.362845849802
keyboard        	           519.0	  0.296724470135	  0.350674373796	 0.0308285163776	  0.321772639692
cell phone      	          1282.0	  0.178627145086	  0.572542901716	  0.015600624025	  0.233229329173
microwave       	           218.0	  0.243119266055	  0.587155963303	 0.0366972477064	  0.133027522936
oven            	           778.0	  0.174807197943	  0.413881748072	 0.0347043701799	  0.376606683805
toaster         	            62.0	  0.112903225806	  0.806451612903	             0.0	 0.0806451612903
sink            	          1161.0	  0.198966408269	  0.287683031869	 0.0180878552972	  0.495262704565
refrigerator    	           624.0	  0.197115384615	  0.535256410256	 0.0240384615385	   0.24358974359
book            	          7941.0	  0.344037274902	   0.25462788062	 0.0122150862612	  0.389119758217
clock           	          1042.0	  0.226487523992	  0.571017274472	0.00575815738964	  0.196737044146
vase            	          1427.0	  0.172389628591	   0.46110721794	 0.0378416257884	   0.32866152768
scissors        	           220.0	  0.113636363636	  0.631818181818	 0.0136363636364	  0.240909090909
teddy bear      	           682.0	  0.288856304985	  0.318181818182	 0.0161290322581	  0.376832844575
hair drier      	           117.0	  0.042735042735	  0.863247863248	             0.0	 0.0940170940171
toothbrush      	           357.0	  0.120448179272	  0.565826330532	0.00560224089636	    0.3081232493

    Compute the ratio of prediect correct V.S. catgeory error V.S. localization error
    for different category objects' in multi scale
    
IoU threshold is 0.5
ClassName       	Detection Number	Correct                                         	Label miss                                      	Category error                                  	Localization error                              
                	                	small           	medium          	large           	small           	medium          	large           	small           	medium          	large           	small           	medium          	large           
person          	         34692.0	  0.209731350167	  0.163640032284	  0.148939236712	  0.035368384642	 0.0104635074369	0.00732157269688	0.00642799492678	0.00319958491871	0.00660094546293	  0.210682578116	  0.109592989738	 0.0880318228987
bicycle         	          1381.0	 0.0528602461984	  0.109341057205	 0.0731354091238	  0.123823316437	 0.0811006517017	 0.0789283128168	 0.0253439536568	 0.0318609703114	 0.0181028240406	  0.122375090514	   0.16944243302	  0.113685734975
car             	          7732.0	  0.192058975685	 0.0832902224521	 0.0354371443352	  0.109803414382	 0.0470770822556	 0.0332384893947	 0.0190118986032	 0.0142265907915	0.00685463010864	  0.309105018107	  0.108251422659	 0.0416451112261
motorcycle      	          1359.0	 0.0360559234731	  0.142016188374	  0.177336276674	 0.0691685062546	 0.0596026490066	 0.0772626931567	 0.0161883738043	 0.0139808682855	 0.0242825607064	 0.0426784400294	  0.171449595291	  0.169977924945
airplane        	           450.0	 0.0266666666667	 0.0911111111111	  0.215555555556	 0.0555555555556	            0.06	            0.14	0.00222222222222	0.00222222222222	0.00222222222222	 0.0711111111111	             0.1	  0.233333333333
bus             	           765.0	 0.0313725490196	  0.121568627451	   0.22614379085	  0.103267973856	  0.103267973856	  0.162091503268	 0.0143790849673	 0.0169934640523	 0.0235294117647	 0.0248366013072	 0.0797385620915	 0.0928104575163
train           	           612.0	             0.0	  0.031045751634	  0.285947712418	 0.0130718954248	 0.0343137254902	  0.274509803922	             0.0	0.00326797385621	 0.0114379084967	 0.0375816993464	  0.111111111111	  0.197712418301
truck           	          2076.0	 0.0443159922929	 0.0736994219653	 0.0765895953757	  0.130539499037	  0.155105973025	  0.148362235067	 0.0337186897881	 0.0361271676301	 0.0255298651252	 0.0857418111753	  0.121868978805	 0.0684007707129
boat            	          2375.0	 0.0955789473684	 0.0981052631579	 0.0543157894737	 0.0707368421053	 0.0404210526316	 0.0602105263158	0.00547368421053	0.00547368421053	0.00673684210526	  0.223157894737	  0.229052631579	  0.110736842105
traffic light   	          2502.0	  0.182254196643	 0.0427657873701	0.00719424460432	  0.206634692246	 0.0215827338129	 0.0111910471623	 0.0167865707434	0.000399680255795	0.000399680255795	  0.430855315747	 0.0611510791367	 0.0187849720224
fire hydrant    	           242.0	 0.0785123966942	 0.0909090909091	  0.219008264463	  0.334710743802	 0.0495867768595	  0.095041322314	             0.0	             0.0	0.00826446280992	 0.0413223140496	0.00826446280992	 0.0743801652893
stop sign       	           273.0	 0.0586080586081	 0.0549450549451	  0.117216117216	  0.406593406593	  0.172161172161	  0.102564102564	  0.003663003663	             0.0	             0.0	  0.032967032967	  0.029304029304	  0.021978021978
parking meter   	           267.0	 0.0337078651685	  0.059925093633	 0.0973782771536	  0.329588014981	  0.123595505618	  0.134831460674	             0.0	             0.0	             0.0	 0.0674157303371	 0.0674157303371	 0.0861423220974
bench           	          3401.0	 0.0220523375478	 0.0420464569244	 0.0458688620994	  0.145839458983	  0.191120258747	  0.187003822405	 0.0223463687151	 0.0235224933843	 0.0152896206998	 0.0788003528374	  0.125551308439	  0.100558659218
bird            	          1759.0	  0.275156338829	 0.0903922683343	 0.0648095508812	  0.298465036953	 0.0596930073906	 0.0380898237635	0.00227401932916	0.000568504832291	0.000568504832291	  0.107447413303	 0.0306992609437	 0.0318362706083
cat             	           472.0	 0.0021186440678	 0.0317796610169	   0.41313559322	  0.010593220339	  0.118644067797	  0.186440677966	             0.0	 0.0021186440678	 0.0360169491525	0.00635593220339	 0.0233050847458	  0.169491525424
dog             	           615.0	0.00813008130081	 0.0747967479675	  0.265040650407	   0.10081300813	  0.136585365854	  0.217886178862	             0.0	 0.0113821138211	 0.0227642276423	 0.0130081300813	 0.0276422764228	  0.121951219512
horse           	           796.0	 0.0452261306533	   0.10175879397	   0.19472361809	 0.0854271356784	 0.0753768844221	 0.0942211055276	0.00376884422111	 0.0150753768844	 0.0100502512563	 0.0678391959799	  0.175879396985	  0.130653266332
sheep           	          1390.0	  0.138129496403	  0.156834532374	  0.130215827338	 0.0798561151079	 0.0359712230216	 0.0410071942446	0.00287769784173	 0.0107913669065	 0.0115107913669	  0.130215827338	  0.135251798561	  0.127338129496
cow             	          1267.0	  0.212312549329	  0.138121546961	  0.130228887135	  0.132596685083	 0.0836621941594	 0.0591949486977	0.00157853196527	0.00236779794791	0.00552486187845	 0.0915548539858	 0.0734017363852	  0.069455406472
elephant        	           684.0	 0.0438596491228	  0.154970760234	  0.324561403509	 0.0482456140351	 0.0497076023392	 0.0555555555556	0.00292397660819	             0.0	0.00877192982456	 0.0233918128655	  0.112573099415	  0.175438596491
bear            	           132.0	 0.0151515151515	 0.0757575757576	  0.424242424242	0.00757575757576	 0.0681818181818	  0.295454545455	             0.0	             0.0	0.00757575757576	0.00757575757576	0.00757575757576	 0.0909090909091
zebra           	           546.0	 0.0659340659341	  0.164835164835	  0.331501831502	0.00732600732601	  0.003663003663	  0.018315018315	             0.0	             0.0	 0.0018315018315	 0.0769230769231	  0.153846153846	  0.175824175824
giraffe         	           452.0	 0.0199115044248	  0.110619469027	  0.404867256637	 0.0110619469027	 0.0176991150442	 0.0221238938053	             0.0	             0.0	0.00884955752212	 0.0818584070796	  0.139380530973	  0.183628318584
backpack        	          2022.0	 0.0464886251236	 0.0741839762611	 0.0262116716123	  0.232443125618	  0.218595450049	 0.0989119683482	 0.0351137487636	 0.0301681503462	   0.01137487636	 0.0682492581602	  0.114737883284	 0.0435212660732
umbrella        	          1508.0	 0.0775862068966	  0.135941644562	  0.131962864721	  0.118700265252	 0.0895225464191	 0.0848806366048	 0.0106100795756	 0.0179045092838	 0.0112732095491	 0.0709549071618	  0.121352785146	  0.129310344828
handbag         	          2954.0	 0.0551794177387	  0.060595802302	 0.0216655382532	  0.193297224103	  0.210561949898	 0.0870006770481	 0.0487474610697	 0.0277589708869	0.00643195666892	  0.135071090047	  0.107650643196	 0.0460392687881
tie             	           917.0	  0.136314067612	 0.0741548527808	 0.0545256270447	  0.252998909487	  0.114503816794	 0.0697928026172	 0.0817884405671	0.00218102508179	0.00327153762268	 0.0981461286805	 0.0599781897492	 0.0523446019629
suitcase        	          1239.0	  0.091202582728	  0.139628732849	  0.112994350282	 0.0855528652139	   0.10815173527	  0.152542372881	0.00807102502018	 0.0201775625504	 0.0121065375303	 0.0484261501211	  0.111380145278	  0.109765940274
frisbee         	           271.0	  0.169741697417	  0.188191881919	 0.0369003690037	  0.261992619926	  0.169741697417	 0.0774907749077	             0.0	             0.0	0.00369003690037	 0.0590405904059	 0.0221402214022	 0.0110701107011
skis            	          1329.0	 0.0744920993228	 0.0744920993228	 0.0368698269375	 0.0451467268623	 0.0436418359669	 0.0165537998495	 0.0571858540256	 0.0180586907449	0.00601956358164	  0.295711060948	  0.252821670429	  0.079006772009
snowboard       	           362.0	 0.0441988950276	 0.0883977900552	 0.0469613259669	  0.229281767956	   0.17955801105	  0.116022099448	 0.0386740331492	  0.024861878453	0.00276243093923	  0.113259668508	 0.0828729281768	 0.0331491712707
sports ball     	           780.0	  0.320512820513	 0.0358974358974	0.00641025641026	   0.30641025641	 0.0628205128205	  0.024358974359	 0.0166666666667	             0.0	 0.0025641025641	  0.205128205128	 0.0179487179487	0.00128205128205
kite            	          1136.0	  0.287852112676	 0.0862676056338	 0.0871478873239	  0.114436619718	 0.0554577464789	 0.0334507042254	 0.0149647887324	 0.0105633802817	 0.0228873239437	 0.0941901408451	 0.0915492957746	  0.101232394366
baseball bat    	           431.0	 0.0626450116009	  0.162412993039	 0.0881670533643	  0.120649651972	  0.127610208817	 0.0904872389791	 0.0185614849188	 0.0278422273782	 0.0092807424594	 0.0858468677494	  0.132250580046	 0.0742459396752
baseball glove  	           452.0	  0.110619469027	   0.12610619469	 0.0132743362832	  0.194690265487	  0.101769911504	 0.0176991150442	 0.0730088495575	 0.0132743362832	             0.0	  0.276548672566	 0.0641592920354	0.00884955752212
skateboard      	           457.0	 0.0700218818381	   0.18818380744	  0.115973741794	  0.135667396061	 0.0765864332604	 0.0503282275711	 0.0175054704595	 0.0240700218818	0.00875273522976	  0.133479212254	   0.10284463895	 0.0765864332604
surfboard       	           851.0	 0.0705052878966	  0.133960047004	 0.0893066980024	 0.0787309048179	 0.0681551116334	 0.0552291421857	0.00470035252644	 0.0117508813161	0.00940070505288	  0.213866039953	  0.155111633373	   0.10928319624
tennis racket   	           536.0	 0.0615671641791	  0.212686567164	  0.121268656716	  0.115671641791	 0.0615671641791	 0.0317164179104	 0.0205223880597	 0.0167910447761	0.00746268656716	  0.138059701493	  0.119402985075	 0.0932835820896
bottle          	          4329.0	  0.166782166782	  0.101871101871	  0.034881034881	  0.239778239778	 0.0868560868561	  0.025179025179	  0.010395010395	0.00646800646801	  0.002772002772	   0.22407022407	 0.0815430815431	  0.019404019404
wine glass      	          1071.0	  0.142857142857	 0.0971055088702	 0.0644257703081	  0.126984126984	 0.0672268907563	 0.0410830999066	 0.0690943043884	 0.0186741363212	 0.0140056022409	  0.201680672269	  0.104575163399	 0.0522875816993
cup             	          3355.0	  0.111475409836	 0.0974664679583	 0.0423248882265	   0.26259314456	  0.100149031297	 0.0521609538003	 0.0229508196721	  0.018479880775	0.00447093889717	  0.181222056632	 0.0837555886736	 0.0229508196721
fork            	           885.0	 0.0338983050847	  0.100564971751	 0.0915254237288	  0.135593220339	  0.141242937853	 0.0779661016949	 0.0112994350282	 0.0395480225989	 0.0271186440678	  0.115254237288	  0.151412429379	 0.0745762711864
knife           	          1633.0	 0.0704225352113	 0.0673606858543	 0.0342927127985	  0.159828536436	  0.158603796693	 0.0912431108389	 0.0183710961421	 0.0263319044703	 0.0140845070423	  0.195345988977	  0.120636864666	 0.0434782608696
spoon           	          1488.0	 0.0450268817204	 0.0591397849462	 0.0369623655914	  0.198924731183	  0.172715053763	 0.0974462365591	 0.0147849462366	 0.0349462365591	  0.010752688172	  0.173387096774	  0.110215053763	 0.0456989247312
bowl            	          3041.0	 0.0427490956922	 0.0700427490957	 0.0838539953963	  0.124630055903	  0.139427819796	  0.151266030911	 0.0197303518579	 0.0194015126603	 0.0210457086485	  0.130220322262	  0.113449523183	 0.0841828345939
banana          	          2386.0	 0.0968147527242	  0.154652137469	 0.0808885163453	 0.0335289186924	 0.0771165129925	 0.0335289186924	0.00125733445096	0.00251466890193	0.00628667225482	  0.123637887678	  0.269069572506	  0.120704107293
apple           	          1491.0	 0.0858484238766	 0.0804828973843	 0.0395707578806	  0.173038229376	  0.123407109323	 0.0362173038229	 0.0154258886653	0.00402414486922	 0.0147551978538	  0.176391683434	  0.141515761234	   0.10932260228
sandwich        	           911.0	0.00548847420417	   0.02634467618	  0.137211855104	  0.103183315038	  0.226125137212	  0.290889132821	 0.0120746432492	0.00878155872667	  0.019758507135	0.00768386388584	 0.0537870472009	  0.108671789243
orange          	          1299.0	 0.0546574287914	 0.0916089299461	 0.0785219399538	  0.130100076982	  0.086220169361	 0.0377213240955	0.00846805234796	 0.0315627405697	 0.0184757505774	  0.140107775212	  0.182448036952	  0.140107775212
broccoli        	          2253.0	 0.0133155792277	  0.124722592099	 0.0608078118065	 0.0559254327563	  0.152241455837	  0.046160674656	0.000443852640923	 0.0102086107412	 0.0106524633822	 0.0603639591656	  0.279183311141	  0.185974256547
carrot          	          2620.0	 0.0916030534351	  0.110687022901	 0.0374045801527	  0.114885496183	  0.113358778626	 0.0232824427481	0.00381679389313	 0.0164122137405	 0.0030534351145	  0.238549618321	  0.193893129771	 0.0530534351145
hot dog         	           473.0	 0.0570824524313	  0.154334038055	  0.112050739958	  0.116279069767	  0.181818181818	  0.164904862579	             0.0	0.00211416490486	  0.014799154334	 0.0380549682875	 0.0824524312896	 0.0761099365751
pizza           	           945.0	 0.0201058201058	 0.0772486772487	  0.185185185185	 0.0634920634921	   0.10582010582	   0.11746031746	0.00634920634921	0.00529100529101	0.00529100529101	 0.0402116402116	   0.13544973545	  0.238095238095
donut           	          1268.0	  0.298895899054	  0.137223974763	  0.102523659306	 0.0875394321767	   0.11356466877	 0.0922712933754	0.000788643533123	0.00552050473186	0.00473186119874	  0.051261829653	 0.0599369085174	 0.0457413249211
cake            	          1499.0	 0.0853902601734	  0.109406270847	  0.116744496331	 0.0927284856571	  0.167444963309	  0.192795196798	             0.0	0.00333555703803	 0.0133422281521	 0.0480320213476	 0.0833889259506	 0.0873915943963
chair           	          8843.0	  0.061404500735	 0.0974782313694	 0.0618568359154	  0.096912812394	  0.121565079724	  0.111500621961	 0.0462512721927	 0.0228429266086	  0.024539183535	 0.0986090693204	  0.168834106073	 0.0882053601719
couch           	          1447.0	             0.0	 0.0255701451279	  0.170697995853	0.00345542501728	 0.0732550103663	  0.382170006911	             0.0	 0.0124395300622	 0.0566689702833	0.00207325501037	 0.0559778852799	  0.217691776088
potted plant    	          1920.0	       0.0265625	 0.0880208333333	 0.0520833333333	  0.109895833333	  0.225520833333	        0.209375	        0.003125	0.00364583333333	0.00520833333333	 0.0458333333333	  0.127083333333	  0.103645833333
bed             	          1020.0	0.000980392156863	0.00686274509804	  0.170588235294	0.00196078431373	            0.05	  0.443137254902	             0.0	0.00196078431373	  0.043137254902	0.00490196078431	 0.0156862745098	  0.260784313725
dining table    	          5291.0	  0.010017010017	  0.023814023814	  0.103194103194	   0.02079002079	 0.0652050652051	  0.320544320544	0.00718200718201	  0.012096012096	  0.025326025326	 0.0504630504631	  0.102816102816	  0.258552258552
toilet          	           462.0	  0.004329004329	 0.0649350649351	  0.318181818182	 0.0108225108225	 0.0714285714286	  0.151515151515	             0.0	  0.004329004329	  0.025974025974	0.00649350649351	  0.108225108225	  0.233766233766
tv              	          1032.0	 0.0184108527132	 0.0881782945736	   0.15988372093	 0.0368217054264	  0.170542635659	  0.252906976744	0.00193798449612	 0.0135658914729	 0.0222868217054	 0.0242248062016	  0.119186046512	 0.0920542635659
laptop          	           663.0	 0.0120663650075	 0.0844645550528	  0.239819004525	 0.0512820512821	 0.0889894419306	  0.173453996983	0.00754147812971	 0.0226244343891	 0.0467571644042	 0.0241327300151	 0.0950226244344	  0.153846153846
mouse           	           351.0	  0.145299145299	 0.0968660968661	  0.045584045584	  0.188034188034	 0.0769230769231	 0.0569800569801	  0.002849002849	  0.002849002849	             0.0	  0.250712250712	  0.122507122507	  0.011396011396
remote          	          1265.0	  0.110671936759	 0.0695652173913	 0.0197628458498	  0.256916996047	  0.109881422925	 0.0577075098814	0.00711462450593	0.00395256916996	0.00158102766798	  0.234782608696	  0.105928853755	 0.0221343873518
keyboard        	           519.0	0.00963391136802	   0.11753371869	  0.169556840077	 0.0732177263969	  0.150289017341	  0.127167630058	 0.0019267822736	 0.0115606936416	 0.0173410404624	 0.0732177263969	  0.159922928709	 0.0886319845857
cell phone      	          1282.0	 0.0803432137285	 0.0608424336973	 0.0374414976599	  0.420436817473	  0.109984399376	 0.0421216848674	0.00936037441498	0.00234009360374	0.00390015600624	  0.134165366615	 0.0725429017161	 0.0265210608424
microwave       	           218.0	 0.0183486238532	  0.142201834862	 0.0825688073394	 0.0688073394495	  0.220183486239	  0.298165137615	 0.0045871559633	 0.0045871559633	 0.0275229357798	 0.0366972477064	 0.0688073394495	 0.0275229357798
oven            	           778.0	 0.0012853470437	 0.0398457583548	  0.133676092545	 0.0141388174807	  0.118251928021	  0.281491002571	 0.0012853470437	  0.012853470437	 0.0205655526992	0.00771208226221	  0.114395886889	  0.254498714653
toaster         	            62.0	 0.0161290322581	 0.0645161290323	 0.0322580645161	  0.177419354839	  0.435483870968	  0.193548387097	             0.0	             0.0	             0.0	             0.0	 0.0806451612903	             0.0
sink            	          1161.0	 0.0267011197244	 0.0887166236003	  0.083548664944	 0.0663221360896	  0.111972437554	  0.109388458226	0.000861326442722	0.00516795865633	 0.0120585701981	  0.124892334195	  0.206718346253	  0.163652024117
refrigerator    	           624.0	0.00160256410256	 0.0192307692308	  0.176282051282	0.00320512820513	  0.128205128205	  0.403846153846	             0.0	0.00480769230769	 0.0192307692308	0.00320512820513	 0.0689102564103	  0.171474358974
book            	          7941.0	  0.227427276162	 0.0878982495907	   0.02871174915	    0.1339881627	 0.0882760357638	 0.0323636821559	0.00982244049868	0.00138521596776	0.00100742979474	  0.267472610502	 0.0923057549427	 0.0293413927717
clock           	          1042.0	 0.0873320537428	 0.0892514395393	 0.0499040307102	  0.398272552783	  0.121880998081	 0.0508637236084	0.00383877159309	             0.0	0.00191938579655	  0.100767754319	 0.0470249520154	 0.0489443378119
vase            	          1427.0	 0.0679747722495	 0.0595655220743	 0.0448493342677	  0.192711983181	  0.174491941135	  0.093903293623	 0.0189208128942	 0.0126138752628	0.00630693763139	  0.166783461808	  0.112123335669	 0.0497547302032
scissors        	           220.0	0.00454545454545	 0.0318181818182	 0.0772727272727	  0.140909090909	  0.318181818182	  0.172727272727	 0.0136363636364	             0.0	             0.0	 0.0727272727273	 0.0454545454545	  0.122727272727
teddy bear      	           682.0	 0.0322580645161	  0.058651026393	  0.197947214076	 0.0483870967742	  0.149560117302	  0.120234604106	             0.0	0.00879765395894	0.00733137829912	 0.0469208211144	  0.142228739003	  0.187683284457
hair drier      	           117.0	0.00854700854701	             0.0	  0.034188034188	  0.128205128205	  0.495726495726	  0.239316239316	             0.0	             0.0	             0.0	0.00854700854701	 0.0512820512821	  0.034188034188
toothbrush      	           357.0	 0.0504201680672	 0.0420168067227	 0.0280112044818	  0.299719887955	  0.165266106443	  0.100840336134	             0.0	0.00560224089636	             0.0	  0.170868347339	  0.109243697479	 0.0280112044818
===========================================
All Class       	        151156.0	  0.121252216253	  0.104514541269	 0.0959207705946	  0.108689036492	 0.0852298287862	 0.0820278387891	 0.0141443277144	 0.0108364868083	 0.0109754161264	  0.158180952129	  0.118030379211	 0.0901982058271
